# Made in Blockbench 4.11.2
mtllib materials.mtl

o Head
v 0.25 2 0.25
v 0.25 2 -0.25
v 0.25 1.5 0.25
v 0.25 1.5 -0.25
v -0.25 2 -0.25
v -0.25 2 0.25
v -0.25 1.5 -0.25
v -0.25 1.5 0.25
vt 0.125 0.875
vt 0.25 0.875
vt 0.25 0.75
vt 0.125 0.75
vt 0 0.875
vt 0.125 0.875
vt 0.125 0.75
vt 0 0.75
vt 0.375 0.875
vt 0.5 0.875
vt 0.5 0.75
vt 0.375 0.75
vt 0.25 0.875
vt 0.375 0.875
vt 0.375 0.75
vt 0.25 0.75
vt 0.25 0.875
vt 0.125 0.875
vt 0.125 1
vt 0.25 1
vt 0.375 1
vt 0.25 1
vt 0.25 0.875
vt 0.375 0.875
vn 0 0 -1
vn 1 0 0
vn 0 0 1
vn -1 0 0
vn 0 1 0
vn 0 -1 0
usemtl m_b4674745-81b2-39ac-bba7-216ba66a3710
f 4/4/1 7/3/1 5/2/1 2/1/1
f 3/8/2 4/7/2 2/6/2 1/5/2
f 8/12/3 3/11/3 1/10/3 6/9/3
f 7/16/4 8/15/4 6/14/4 5/13/4
f 6/20/5 1/19/5 2/18/5 5/17/5
f 7/24/6 4/23/6 3/22/6 8/21/6
o Hat Layer
v 0.28125 2.03125 0.28125
v 0.28125 2.03125 -0.28125
v 0.28125 1.46875 0.28125
v 0.28125 1.46875 -0.28125
v -0.28125 2.03125 -0.28125
v -0.28125 2.03125 0.28125
v -0.28125 1.46875 -0.28125
v -0.28125 1.46875 0.28125
vt 0.625 0.875
vt 0.75 0.875
vt 0.75 0.75
vt 0.625 0.75
vt 0.5 0.875
vt 0.625 0.875
vt 0.625 0.75
vt 0.5 0.75
vt 0.875 0.875
vt 1 0.875
vt 1 0.75
vt 0.875 0.75
vt 0.75 0.875
vt 0.875 0.875
vt 0.875 0.75
vt 0.75 0.75
vt 0.75 0.875
vt 0.625 0.875
vt 0.625 1
vt 0.75 1
vt 0.875 1
vt 0.75 1
vt 0.75 0.875
vt 0.875 0.875
vn 0 0 -1
vn 1 0 0
vn 0 0 1
vn -1 0 0
vn 0 1 0
vn 0 -1 0
usemtl m_b4674745-81b2-39ac-bba7-216ba66a3710
f 12/28/7 15/27/7 13/26/7 10/25/7
f 11/32/8 12/31/8 10/30/8 9/29/8
f 16/36/9 11/35/9 9/34/9 14/33/9
f 15/40/10 16/39/10 14/38/10 13/37/10
f 14/44/11 9/43/11 10/42/11 13/41/11
f 15/48/12 12/47/12 11/46/12 16/45/12
o Body
v 0.25 1.5 0.125
v 0.25 1.5 -0.125
v 0.25 0.75 0.125
v 0.25 0.75 -0.125
v -0.25 1.5 -0.125
v -0.25 1.5 0.125
v -0.25 0.75 -0.125
v -0.25 0.75 0.125
vt 0.3125 0.6875
vt 0.4375 0.6875
vt 0.4375 0.5
vt 0.3125 0.5
vt 0.25 0.6875
vt 0.3125 0.6875
vt 0.3125 0.5
vt 0.25 0.5
vt 0.5 0.6875
vt 0.625 0.6875
vt 0.625 0.5
vt 0.5 0.5
vt 0.4375 0.6875
vt 0.5 0.6875
vt 0.5 0.5
vt 0.4375 0.5
vt 0.4375 0.6875
vt 0.3125 0.6875
vt 0.3125 0.75
vt 0.4375 0.75
vt 0.5625 0.75
vt 0.4375 0.75
vt 0.4375 0.6875
vt 0.5625 0.6875
vn 0 0 -1
vn 1 0 0
vn 0 0 1
vn -1 0 0
vn 0 1 0
vn 0 -1 0
usemtl m_b4674745-81b2-39ac-bba7-216ba66a3710
f 20/52/13 23/51/13 21/50/13 18/49/13
f 19/56/14 20/55/14 18/54/14 17/53/14
f 24/60/15 19/59/15 17/58/15 22/57/15
f 23/64/16 24/63/16 22/62/16 21/61/16
f 22/68/17 17/67/17 18/66/17 21/65/17
f 23/72/18 20/71/18 19/70/18 24/69/18
o Body Layer
v 0.265625 1.515625 0.140625
v 0.265625 1.515625 -0.140625
v 0.265625 0.734375 0.140625
v 0.265625 0.734375 -0.140625
v -0.265625 1.515625 -0.140625
v -0.265625 1.515625 0.140625
v -0.265625 0.734375 -0.140625
v -0.265625 0.734375 0.140625
vt 0.3125 0.4375
vt 0.4375 0.4375
vt 0.4375 0.25
vt 0.3125 0.25
vt 0.25 0.4375
vt 0.3125 0.4375
vt 0.3125 0.25
vt 0.25 0.25
vt 0.5 0.4375
vt 0.625 0.4375
vt 0.625 0.25
vt 0.5 0.25
vt 0.4375 0.4375
vt 0.5 0.4375
vt 0.5 0.25
vt 0.4375 0.25
vt 0.4375 0.4375
vt 0.3125 0.4375
vt 0.3125 0.5
vt 0.4375 0.5
vt 0.5625 0.5
vt 0.4375 0.5
vt 0.4375 0.4375
vt 0.5625 0.4375
vn 0 0 -1
vn 1 0 0
vn 0 0 1
vn -1 0 0
vn 0 1 0
vn 0 -1 0
usemtl m_b4674745-81b2-39ac-bba7-216ba66a3710
f 28/76/19 31/75/19 29/74/19 26/73/19
f 27/80/20 28/79/20 26/78/20 25/77/20
f 32/84/21 27/83/21 25/82/21 30/81/21
f 31/88/22 32/87/22 30/86/22 29/85/22
f 30/92/23 25/91/23 26/90/23 29/89/23
f 31/96/24 28/95/24 27/94/24 32/93/24
o Right Arm
v 0.5 1.4886298694180111 0.1354188051049255
v 0.5 1.5104188051049257 -0.11362986941801093
v 0.5 0.7414838458492019 0.07005199804418183
v 0.5 0.7632727815361164 -0.17899667647875456
v 0.25 1.5104188051049257 -0.11362986941801093
v 0.25 1.4886298694180111 0.1354188051049255
v 0.25 0.7632727815361164 -0.17899667647875456
v 0.25 0.7414838458492019 0.07005199804418183
vt 0.6875 0.6875
vt 0.75 0.6875
vt 0.75 0.5
vt 0.6875 0.5
vt 0.625 0.6875
vt 0.6875 0.6875
vt 0.6875 0.5
vt 0.625 0.5
vt 0.8125 0.6875
vt 0.875 0.6875
vt 0.875 0.5
vt 0.8125 0.5
vt 0.75 0.6875
vt 0.8125 0.6875
vt 0.8125 0.5
vt 0.75 0.5
vt 0.75 0.6875
vt 0.6875 0.6875
vt 0.6875 0.75
vt 0.75 0.75
vt 0.8125 0.75
vt 0.75 0.75
vt 0.75 0.6875
vt 0.8125 0.6875
vn 0 0.08715574274765818 -0.9961946980917455
vn 1 0 0
vn 0 -0.08715574274765818 0.9961946980917455
vn -1 0 0
vn 0 0.9961946980917455 0.08715574274765818
vn 0 -0.9961946980917455 -0.08715574274765818
usemtl m_b4674745-81b2-39ac-bba7-216ba66a3710
f 36/100/25 39/99/25 37/98/25 34/97/25
f 35/104/26 36/103/26 34/102/26 33/101/26
f 40/108/27 35/107/27 33/106/27 38/105/27
f 39/112/28 40/111/28 38/110/28 37/109/28
f 38/116/29 33/115/29 34/114/29 37/113/29
f 39/120/30 36/119/30 35/118/30 40/117/30
o Right Arm Layer
v 0.515625 1.5028336030952625 0.15234615574304117
v 0.515625 1.5273461557430412 -0.1278336030952623
v 0.515625 0.7245564952110861 0.08425573172143319
v 0.515625 0.7490690478588651 -0.19592402711687024
v 0.234375 1.5273461557430412 -0.1278336030952623
v 0.234375 1.5028336030952625 0.15234615574304117
v 0.234375 0.7490690478588651 -0.19592402711687024
v 0.234375 0.7245564952110861 0.08425573172143319
vt 0.6875 0.4375
vt 0.75 0.4375
vt 0.75 0.25
vt 0.6875 0.25
vt 0.625 0.4375
vt 0.6875 0.4375
vt 0.6875 0.25
vt 0.625 0.25
vt 0.8125 0.4375
vt 0.875 0.4375
vt 0.875 0.25
vt 0.8125 0.25
vt 0.75 0.4375
vt 0.8125 0.4375
vt 0.8125 0.25
vt 0.75 0.25
vt 0.75 0.4375
vt 0.6875 0.4375
vt 0.6875 0.5
vt 0.75 0.5
vt 0.8125 0.5
vt 0.75 0.5
vt 0.75 0.4375
vt 0.8125 0.4375
vn 0 0.08715574274765818 -0.9961946980917455
vn 1 0 0
vn 0 -0.08715574274765818 0.9961946980917455
vn -1 0 0
vn 0 0.9961946980917455 0.08715574274765818
vn 0 -0.9961946980917455 -0.08715574274765818
usemtl m_b4674745-81b2-39ac-bba7-216ba66a3710
f 44/124/31 47/123/31 45/122/31 42/121/31
f 43/128/32 44/127/32 42/126/32 41/125/32
f 48/132/33 43/131/33 41/130/33 46/129/33
f 47/136/34 48/135/34 46/134/34 45/133/34
f 46/140/35 41/139/35 42/138/35 45/137/35
f 47/144/36 44/143/36 43/142/36 48/141/36
o Left Arm
v -0.25 1.5104188051049257 0.11362986941801093
v -0.25 1.4886298694180111 -0.1354188051049255
v -0.25 0.7632727815361164 0.17899667647875456
v -0.25 0.7414838458492019 -0.07005199804418183
v -0.5 1.4886298694180111 -0.1354188051049255
v -0.5 1.5104188051049257 0.11362986941801093
v -0.5 0.7414838458492019 -0.07005199804418183
v -0.5 0.7632727815361164 0.17899667647875456
vt 0.5625 0.1875
vt 0.625 0.1875
vt 0.625 0
vt 0.5625 0
vt 0.5 0.1875
vt 0.5625 0.1875
vt 0.5625 0
vt 0.5 0
vt 0.6875 0.1875
vt 0.75 0.1875
vt 0.75 0
vt 0.6875 0
vt 0.625 0.1875
vt 0.6875 0.1875
vt 0.6875 0
vt 0.625 0
vt 0.625 0.1875
vt 0.5625 0.1875
vt 0.5625 0.25
vt 0.625 0.25
vt 0.6875 0.25
vt 0.625 0.25
vt 0.625 0.1875
vt 0.6875 0.1875
vn 0 -0.08715574274765818 -0.9961946980917455
vn 1 0 0
vn 0 0.08715574274765818 0.9961946980917455
vn -1 0 0
vn 0 0.9961946980917455 -0.08715574274765818
vn 0 -0.9961946980917455 0.08715574274765818
usemtl m_b4674745-81b2-39ac-bba7-216ba66a3710
f 52/148/37 55/147/37 53/146/37 50/145/37
f 51/152/38 52/151/38 50/150/38 49/149/38
f 56/156/39 51/155/39 49/154/39 54/153/39
f 55/160/40 56/159/40 54/158/40 53/157/40
f 54/164/41 49/163/41 50/162/41 53/161/41
f 55/168/42 52/167/42 51/166/42 56/165/42
o Left Arm Layer
v -0.234375 1.5273461557430412 0.1278336030952623
v -0.234375 1.5028336030952625 -0.15234615574304117
v -0.234375 0.7490690478588651 0.19592402711687024
v -0.234375 0.7245564952110861 -0.08425573172143319
v -0.515625 1.5028336030952625 -0.15234615574304117
v -0.515625 1.5273461557430412 0.1278336030952623
v -0.515625 0.7245564952110861 -0.08425573172143319
v -0.515625 0.7490690478588651 0.19592402711687024
vt 0.8125 0.1875
vt 0.875 0.1875
vt 0.875 0
vt 0.8125 0
vt 0.75 0.1875
vt 0.8125 0.1875
vt 0.8125 0
vt 0.75 0
vt 0.9375 0.1875
vt 1 0.1875
vt 1 0
vt 0.9375 0
vt 0.875 0.1875
vt 0.9375 0.1875
vt 0.9375 0
vt 0.875 0
vt 0.875 0.1875
vt 0.8125 0.1875
vt 0.8125 0.25
vt 0.875 0.25
vt 0.9375 0.25
vt 0.875 0.25
vt 0.875 0.1875
vt 0.9375 0.1875
vn 0 -0.08715574274765818 -0.9961946980917455
vn 1 0 0
vn 0 0.08715574274765818 0.9961946980917455
vn -1 0 0
vn 0 0.9961946980917455 -0.08715574274765818
vn 0 -0.9961946980917455 0.08715574274765818
usemtl m_b4674745-81b2-39ac-bba7-216ba66a3710
f 60/172/43 63/171/43 61/170/43 58/169/43
f 59/176/44 60/175/44 58/174/44 57/173/44
f 64/180/45 59/179/45 57/178/45 62/177/45
f 63/184/46 64/183/46 62/182/46 61/181/46
f 62/188/47 57/187/47 58/186/47 61/185/47
f 63/192/48 60/191/48 59/190/48 64/189/48
o Right Leg
v 0.24329364193280875 0.7652502683158184 0.1245243372614682
v 0.2440540648219652 0.743474605859807 -0.1245243372614682
v 0.2693686621186351 0.01855938591735743 0.18989114432221182
v 0.27012908500779154 -0.003216276538653985 -0.05915753020072456
v -0.005793641932808728 0.7347497316841817 -0.1245243372614682
v -0.0065540648219652095 0.7565253941401932 0.1245243372614682
v 0.020281378253017644 -0.011941150714279227 -0.05915753020072456
v 0.019520955363861163 0.009834511741732187 0.18989114432221182
vt 0.0625 0.6875
vt 0.125 0.6875
vt 0.125 0.5
vt 0.0625 0.5
vt 0 0.6875
vt 0.0625 0.6875
vt 0.0625 0.5
vt 0 0.5
vt 0.1875 0.6875
vt 0.25 0.6875
vt 0.25 0.5
vt 0.1875 0.5
vt 0.125 0.6875
vt 0.1875 0.6875
vt 0.1875 0.5
vt 0.125 0.5
vt 0.125 0.6875
vt 0.0625 0.6875
vt 0.0625 0.75
vt 0.125 0.75
vt 0.1875 0.75
vt 0.125 0.75
vt 0.125 0.6875
vt 0.1875 0.6875
vn 0.0030416915566259194 -0.08710264982404567 -0.9961946980917455
vn 0.9993908270190959 0.03489949670250098 -4.336808689942019e-19
vn -0.0030416915566259194 0.08710264982404567 0.9961946980917455
vn -0.9993908270190959 -0.03489949670250098 4.336808689942019e-19
vn -0.03476669358110182 0.995587843197948 -0.08715574274765818
vn 0.03476669358110182 -0.995587843197948 0.08715574274765818
usemtl m_b4674745-81b2-39ac-bba7-216ba66a3710
f 68/196/49 71/195/49 69/194/49 66/193/49
f 67/200/50 68/199/50 66/198/50 65/197/50
f 72/204/51 67/203/51 65/202/51 70/201/51
f 71/208/52 72/207/52 70/206/52 69/205/52
f 70/212/53 65/211/53 66/210/53 69/209/53
f 71/216/54 68/215/54 67/214/54 72/213/54
o Right Leg Layer
v 0.25831836758720517 0.7827126119052636 0.13872807093871956
v 0.25917384333750615 0.7582149916422507 -0.14145168789958387
v 0.2854798469474409 0.004909609406866786 0.2068184949603275
v 0.286335322697742 -0.019588010856146056 -0.07336126387797592
v -0.021904826761614538 0.7483995081946723 -0.14145168789958387
v -0.022760302511915576 0.7728971284576852 0.13872807093871956
v 0.005256652598621264 -0.029403494303724458 -0.07336126387797592
v 0.004401176848320226 -0.004905874040711614 0.2068184949603275
vt 0.0625 0.4375
vt 0.125 0.4375
vt 0.125 0.25
vt 0.0625 0.25
vt 0 0.4375
vt 0.0625 0.4375
vt 0.0625 0.25
vt 0 0.25
vt 0.1875 0.4375
vt 0.25 0.4375
vt 0.25 0.25
vt 0.1875 0.25
vt 0.125 0.4375
vt 0.1875 0.4375
vt 0.1875 0.25
vt 0.125 0.25
vt 0.125 0.4375
vt 0.0625 0.4375
vt 0.0625 0.5
vt 0.125 0.5
vt 0.1875 0.5
vt 0.125 0.5
vt 0.125 0.4375
vt 0.1875 0.4375
vn 0.0030416915566259194 -0.08710264982404567 -0.9961946980917455
vn 0.9993908270190959 0.03489949670250098 -4.336808689942019e-19
vn -0.0030416915566259194 0.08710264982404567 0.9961946980917455
vn -0.9993908270190959 -0.03489949670250098 4.336808689942019e-19
vn -0.03476669358110182 0.995587843197948 -0.08715574274765818
vn 0.03476669358110182 -0.995587843197948 0.08715574274765818
usemtl m_b4674745-81b2-39ac-bba7-216ba66a3710
f 76/220/55 79/219/55 77/218/55 74/217/55
f 75/224/56 76/223/56 74/222/56 73/221/56
f 80/228/57 75/227/57 73/226/57 78/225/57
f 79/232/58 80/231/58 78/230/58 77/229/58
f 78/236/59 73/235/59 74/234/59 77/233/59
f 79/240/60 76/239/60 75/238/60 80/237/60
o Left Leg
v 0.005793641932808728 0.7347497316841817 0.1245243372614682
v 0.0065540648219652095 0.7565253941401932 -0.1245243372614682
v -0.020281378253017644 -0.011941150714279227 0.05915753020072456
v -0.019520955363861163 0.009834511741732187 -0.18989114432221182
v -0.24329364193280875 0.7652502683158184 -0.1245243372614682
v -0.2440540648219652 0.743474605859807 0.1245243372614682
v -0.2693686621186351 0.01855938591735743 -0.18989114432221182
v -0.27012908500779154 -0.003216276538653985 0.05915753020072456
vt 0.3125 0.1875
vt 0.375 0.1875
vt 0.375 0
vt 0.3125 0
vt 0.25 0.1875
vt 0.3125 0.1875
vt 0.3125 0
vt 0.25 0
vt 0.4375 0.1875
vt 0.5 0.1875
vt 0.5 0
vt 0.4375 0
vt 0.375 0.1875
vt 0.4375 0.1875
vt 0.4375 0
vt 0.375 0
vt 0.375 0.1875
vt 0.3125 0.1875
vt 0.3125 0.25
vt 0.375 0.25
vt 0.4375 0.25
vt 0.375 0.25
vt 0.375 0.1875
vt 0.4375 0.1875
vn 0.0030416915566259194 0.08710264982404567 -0.9961946980917455
vn 0.9993908270190959 -0.03489949670250098 -4.336808689942019e-19
vn -0.0030416915566259194 -0.08710264982404567 0.9961946980917455
vn -0.9993908270190959 0.03489949670250098 4.336808689942019e-19
vn 0.03476669358110182 0.995587843197948 0.08715574274765818
vn -0.03476669358110182 -0.995587843197948 -0.08715574274765818
usemtl m_b4674745-81b2-39ac-bba7-216ba66a3710
f 84/244/61 87/243/61 85/242/61 82/241/61
f 83/248/62 84/247/62 82/246/62 81/245/62
f 88/252/63 83/251/63 81/250/63 86/249/63
f 87/256/64 88/255/64 86/254/64 85/253/64
f 86/260/65 81/259/65 82/258/65 85/257/65
f 87/264/66 84/263/66 83/262/66 88/261/66
o Left Leg Layer
v 0.021904826761614538 0.7483995081946723 0.14145168789958387
v 0.022760302511915576 0.7728971284576852 -0.13872807093871956
v -0.005256652598621264 -0.029403494303724458 0.07336126387797592
v -0.004401176848320226 -0.004905874040711614 -0.2068184949603275
v -0.25831836758720517 0.7827126119052636 -0.13872807093871956
v -0.25917384333750615 0.7582149916422507 0.14145168789958387
v -0.2854798469474409 0.004909609406866786 -0.2068184949603275
v -0.286335322697742 -0.019588010856146056 0.07336126387797592
vt 0.0625 0.1875
vt 0.125 0.1875
vt 0.125 0
vt 0.0625 0
vt 0 0.1875
vt 0.0625 0.1875
vt 0.0625 0
vt 0 0
vt 0.1875 0.1875
vt 0.25 0.1875
vt 0.25 0
vt 0.1875 0
vt 0.125 0.1875
vt 0.1875 0.1875
vt 0.1875 0
vt 0.125 0
vt 0.125 0.1875
vt 0.0625 0.1875
vt 0.0625 0.25
vt 0.125 0.25
vt 0.1875 0.25
vt 0.125 0.25
vt 0.125 0.1875
vt 0.1875 0.1875
vn 0.0030416915566259194 0.08710264982404567 -0.9961946980917455
vn 0.9993908270190959 -0.03489949670250098 -4.336808689942019e-19
vn -0.0030416915566259194 -0.08710264982404567 0.9961946980917455
vn -0.9993908270190959 0.03489949670250098 4.336808689942019e-19
vn 0.03476669358110182 0.995587843197948 0.08715574274765818
vn -0.03476669358110182 -0.995587843197948 -0.08715574274765818
usemtl m_b4674745-81b2-39ac-bba7-216ba66a3710
f 92/268/67 95/267/67 93/266/67 90/265/67
f 91/272/68 92/271/68 90/270/68 89/269/68
f 96/276/69 91/275/69 89/274/69 94/273/69
f 95/280/70 96/279/70 94/278/70 93/277/70
f 94/284/71 89/283/71 90/282/71 93/281/71
f 95/288/72 92/287/72 91/286/72 96/285/72